gcc -O3 -march=native  -D_GNU_SOURCE -c -o optimised-sparsemm.o optimised-sparsemm.c
gcc -O3 -march=native  -D_GNU_SOURCE -c -o basic-sparsemm.o basic-sparsemm.c
gcc -O3 -march=native  -D_GNU_SOURCE -c -o utils.o utils.c
gcc -O3 -march=native  -D_GNU_SOURCE -o sparsemm sparsemm.c optimised-sparsemm.o basic-sparsemm.o utils.o -lm
./sparsemm CHECK
last result 19 29 0.454291295570285
20 30 600
0 1 0.0864213454385975
0 2 0.20001861815152
0 2 0.162227109987519
0 2 0.0374760357726608
0 3 0.133034207780472
0 3 0.504749870683947
0 3 0.0291165472714394
0 4 0.348420268750356
0 6 0.241903116139971
0 6 0.100615854724538
0 6 0.0858387600182627
0 6 0.0776308112826033
0 7 0.768562577211014
0 7 0.0271088634767547
0 8 0.13292491100369
0 10 0.541750402379401
0 11 0.202114265411666
0 12 0.091865735018017
0 13 0.602595240613306
0 14 0.0384299707824327
0 14 0.203957917945351
0 15 0.201116461142139
0 16 0.498692513863985
0 17 0.144906756070404
0 19 0.0297745054016913
0 20 0.0564994110219668
0 22 0.300887964351303
0 22 0.049454088816756
0 23 0.138298566558557
0 25 0.094140329283536
0 25 0.122454123383816
0 26 0.0427222414665744
0 27 0.200977589247729
0 28 0.237469940560178
0 28 0.243539695096987
0 29 0.512889649027446
0 29 0.370807785389863
1 0 0.491517571533671
1 1 0.737124487773307
1 2 0.00305549717160412
1 2 0.0639024029607589
1 3 0.0709420454821967
1 4 0.104648884984178
1 4 0.565318111896038
1 5 0.104048446068999
1 6 0.123908965248686
1 7 0.0547082338474795
1 7 0.0626916786614471
1 8 0.282753696036032
1 9 0.0283864912562407
1 11 0.632274179238755
1 12 0.15193189573609
1 15 0.38134388421976
1 15 0.111785766748069
1 15 0.138697055504407
1 17 0.272347752109037
1 19 0.785567162739641
1 19 0.0778443170784779
1 26 0.397500735779334
1 26 0.196970449459178
1 26 0.0458709310907666
1 27 0.721688101545143
1 27 0.0314263098465857
1 28 0.700468436374964
1 28 0.0795351815760213
1 29 0.130198872614804
2 0 0.4623888239929
2 1 0.364452365825241
2 2 0.00226557170772445
2 3 0.39835843979223
2 4 0.402028745119925
2 4 0.688177792007384
2 4 0.00139126027941953
2 8 0.00795453089585872
2 9 0.196002678744219
2 9 0.205845688318539
2 11 0.0794175569818381
2 11 0.0140235292852766
2 12 0.409502453261683
2 15 0.448270370685961
2 15 0.582686749576603
2 16 0.477423123841242
2 17 0.168091756979489
2 17 0.0200343033764718
2 20 0.195159033376483
2 20 0.0039446076154841
2 22 0.40597818461076
2 23 0.04858854892688
2 23 0.240382472340469
2 23 0.0853398931009907
2 24 0.0107521154101585
2 25 0.0158946107152748
2 26 0.0104326404215198
2 29 0.229200880132914
3 2 0.310270285655004
3 6 0.0733098418397079
3 8 0.394955280706815
3 13 0.215252141649219
3 14 0.183132439094323
3 15 0.643457241656373
3 16 0.289158826996516
3 18 0.129548073116878
3 20 0.11063084057238
3 21 0.172375894295029
3 21 0.0877232645593799
3 23 0.0275436494892002
3 24 0.09613507594224
3 24 0.0511245663053462
3 26 0.246820481698128
3 29 0.474964578620403
3 29 0.180573914955052
4 0 0.227406698052748
4 1 0.11774811842411
4 2 0.0750849404244747
4 3 0.180000306433084
4 3 0.0114486185651986
4 4 0.40465106130995
4 4 0.0899972674318641
4 6 0.404794244256136
4 7 0.12783865821665
4 8 0.318429839024262
4 8 0.626840822037795
4 8 0.28568046672686
4 9 0.103403554097601
4 11 0.17304341244092
4 13 0.173545482648881
4 13 0.0363128921897147
4 14 0.461570797654085
4 15 0.106825288149083
4 15 0.580072297419183
4 16 0.15172529657785
4 16 0.119938508723282
4 17 0.228015955982798
4 19 0.140409162592908
4 19 0.502250017892035
4 21 0.0113075046891013
4 21 0.0707262476965384
4 23 0.128999430446301
4 23 0.269183907501494
4 25 0.443942380321491
4 25 0.116174124476379
4 27 0.516579692176411
4 28 0.501390792597453
4 29 0.382936756894744
4 29 0.093195513952732
5 3 0.395899603775033
5 4 0.567770837412865
5 13 0.0498931233845826
5 17 0.136558031638544
5 18 0.130678433679973
5 20 0.402243130991101
5 24 0.432270324123052
5 26 0.486744782146912
5 27 0.724819263955477
5 28 0.703507533781318
5 29 0.130763761816838
6 0 0.373284444179341
6 2 0.00348854088602074
6 2 0.0986510822422231
6 3 0.500707716080176
6 3 0.109518722912397
6 4 0.408640526260814
6 4 0.119480363895125
6 4 0.165514853046213
6 5 0.489908169726846
6 6 0.315294055729526
6 7 0.0967819934929721
6 8 0.322827276183446
6 8 0.0837108703982014
6 9 0.0438224222210734
6 10 0.489347840681281
6 12 0.0838798653215459
6 12 0.234549019239258
6 13 0.0631015328628532
6 13 0.252020010048315
6 15 0.10367545500357
6 15 0.435390267776348
6 15 0.389134327767777
6 15 0.214117372670972
6 17 0.172709594761286
6 18 0.165273466921717
6 19 0.120174293459894
6 20 0.207291798821169
6 20 0.508730591056466
6 22 0.350351667794998
6 24 0.546707005152452
6 24 0.419810937488939
6 26 0.453836966984174
6 26 0.615602708006784
6 26 0.0708145043988629
6 27 0.0485152253061423
6 28 0.0655095470526991
6 28 0.215478684668013
6 28 0.122784611771555
6 29 0.24088139510422
7 1 0.0496362960180544
7 1 0.203124597427655
7 1 0.269276391668946
7 2 0.114881147583441
7 2 0.36704515580762
7 3 0.289904234529002
7 3 0.209724151112307
7 3 0.15482582792776
7 4 0.200115972629359
7 6 0.138937604124024
7 6 0.193800297017527
7 7 0.0612043532838183
7 7 0.270521594859041
7 8 0.300107867681949
7 10 0.00111819290924668
7 11 0.0365041528130169
7 11 0.490136312448837
7 11 0.373758363991719
7 12 0.081861366688162
7 12 0.351377872570812
7 16 0.515454718241535
7 18 0.053149123949491
7 19 0.0672226391570668
7 20 0.0351119360275984
7 20 0.512419485171394
7 20 0.102144384398227
7 22 0.172815685650513
7 22 0.0403702612454747
7 23 0.0071801816777938
7 25 0.0054538478323353
7 25 0.212542955799867
7 25 0.313407768326852
7 26 0.399651252002971
7 26 0.573484908760391
7 27 0.503488067864806
7 28 0.136391399661899
7 29 0.294579334706265
7 29 0.0999614697295986
8 0 0.392512573918499
8 0 0.189378845569298
8 2 0.447115193584886
8 4 0.597895586269296
8 4 0.41069233912297
8 5 0.549740793878515
8 6 0.165348859699635
8 6 0.265176379786718
8 7 0.146895795506773
8 8 0.557205896879184
8 10 0.362567646468503
8 12 0.247689772598567
8 13 0.30367934928778
8 14 0.413051497839378
8 14 0.564950631418489
8 15 0.112324646319375
8 16 0.65219186286746
8 18 0.281324036385346
8 19 0.0954078151967771
8 21 0.388790329458191
8 21 0.123760645049493
8 21 0.543714732484917
8 22 0.288974978544422
8 22 0.321883857016687
8 24 0.216830711747318
8 26 0.535148487539661
8 26 0.524357711177686
8 27 0.763276678204608
8 27 0.369521877359405
8 28 0.740834191610978
8 28 0.32121059560256
8 29 0.67008361944775
8 29 0.137701817145999
8 29 0.155078075933475
9 1 0.334757811768872
9 2 0.273801420412816
9 2 0.604905731430609
9 3 0.345634151602171
9 3 0.383873102849444
9 5 0.336646601105114
9 6 0.145943089234881
9 7 0.0942638924311306
9 9 0.135857374648911
9 11 0.807765093453413
9 12 0.151678611087815
9 12 0.134910947900825
9 14 0.364574704157494
9 15 0.0687846178140965
9 16 0.575648936519027
9 16 0.849490882589604
9 20 0.844488691847388
9 21 0.343160889339357
9 22 0.176960570171732
9 23 0.152148949824721
9 24 0.191382897776775
9 24 0.137630581666431
9 25 0.00898816878503953
9 26 0.327710661866184
9 26 0.658641938423307
10 0 0.575085154371294
10 0 0.712151221374073
10 0 0.197439888674162
10 0 0.271665204698884
10 1 0.250255200311627
10 2 0.102717546491457
10 2 0.0651905260727004
10 2 0.130129560155083
10 3 0.0167553592661951
10 4 0.629555031803472
10 4 0.0781377620574941
10 5 0.754756646863543
10 5 0.369089873437219
10 6 0.485744674172523
10 6 0.269014862075643
10 7 0.00781815686867715
10 7 0.0457694710399215
10 8 0.248034556721151
10 9 0.175862695138619
10 10 0.753893399223058
10 10 0.342714026451258
10 12 0.129226026021885
10 14 0.400746713638699
10 15 0.159723277985292
10 15 0.503632526245306
10 16 0.104133457865771
10 16 0.0903414438475598
10 18 0.304604713987732
10 19 0.436065377441951
10 20 0.319355488780297
10 22 0.539754726187642
10 22 0.0606451343433102
10 23 0.363606130104571
10 23 0.0369613854349988
10 23 0.233711852751334
10 24 0.00922974823311985
10 24 0.165497356956521
10 25 0.100865130182375
10 28 0.100924559185475
10 29 0.371103903333643
10 29 0.271350278072069
11 0 0.319318974184674
11 1 0.251685485366057
11 2 0.0237250125883418
11 3 0.00425816899898603
11 4 0.331123292517015
11 4 0.475245540544998
11 6 0.0147146332084081
11 8 0.167469073110788
11 9 0.142154028435651
11 10 0.079228651223457
11 11 0.0548446059070035
11 12 0.28279641833133
11 13 0.504182518798294
11 14 0.00562021687160038
11 15 0.0294124118508128
11 15 0.778488682256723
11 15 0.402394966078721
11 23 0.0589344848059228
11 24 0.839859247056091
11 25 0.010976586209065
11 28 0.431079206617104
11 29 0.0542290334636824
12 0 0.0286624389811419
12 1 0.28675901472365
12 2 0.117700580807281
12 5 0.422927668713928
12 6 0.308255080009404
12 6 0.0988440759869484
12 7 0.44278004664174
12 7 0.0890407049047463
12 9 0.201515145826334
12 9 0.028496923944995
12 10 0.392704473012989
12 10 0.126542588223628
12 10 0.0677599014891297
12 11 0.173439156566273
12 11 0.197636077998581
12 11 0.0329530840838518
12 14 0.050277704607341
12 15 0.198239982842746
12 15 0.0521510142290466
12 17 0.179437257585602
12 18 0.157015720677997
12 19 0.00275868984941613
12 21 0.12937527597614
12 23 0.416644031718136
12 23 0.0537795066748575
12 24 0.0105760579847332
12 24 0.0185357225670276
12 26 0.0877372928191148
12 27 0.16794507354576
12 28 0.112689781606206
12 28 0.152629783386991
12 29 0.324655002781027
13 0 0.463003697273683
13 0 0.0209679953078946
13 1 0.694362486625019
13 1 0.29511084309507
13 2 0.0772880284581787
13 2 0.533263852611089
13 3 0.178669485222121
13 3 0.304699045984296
13 3 0.129097760103059
13 5 0.0980123967393664
13 6 0.0293602860996308
13 7 0.0162642788410514
13 10 0.00981420546789968
13 10 0.094390002507112
13 11 0.595594744995139
13 11 0.320391278799927
13 11 0.134245825512503
13 11 0.712097610186286
13 12 0.16377512332801
13 12 0.118932799110469
13 13 0.0892599277369977
13 13 0.409474122826164
13 14 0.0625512430026949
13 15 0.187730209714733
13 16 0.74888161455566
13 18 0.0311481520398614
13 19 0.739994909379011
13 19 0.0105635379462194
13 20 0.308172008336871
13 20 0.744471857186721
13 21 0.228168170459073
13 22 0.0356389288535567
13 25 0.00792365696865404
13 26 0.185543817016949
13 26 0.580635823608723
13 29 0.0100628375590544
13 29 0.0171702196132596
14 0 0.438456624556599
14 0 0.0318321642933557
14 1 0.657549462125294
14 1 0.0197016496058789
14 1 0.0250899394277518
14 2 0.0455986505356273
14 2 0.157320436587076
14 2 0.365715108426488
14 3 0.115068852959404
14 3 0.363683250571489
14 4 0.0794300761654178
14 4 0.0473761202726522
14 5 0.092816072295083
14 6 0.0551471445922595
14 9 0.0141710037735152
14 10 0.192131649624227
14 11 0.564018091069055
14 11 0.273258514946431
14 11 0.00546733093545018
14 12 0.333365650774837
14 12 0.0281913158241867
14 13 0.181689338975878
14 15 0.382126432024155
14 15 0.758442060938538
14 15 0.0401138162983988
14 18 0.15269811450479
14 19 0.700762590160486
14 21 0.464438243644929
14 22 0.0685940402129864
14 23 0.00587504143052095
14 24 0.0602604476614513
14 25 0.00109423029583286
14 26 0.175706838186458
14 26 0.290926922104547
14 28 0.054136504553376
14 29 0.116924494756916
14 29 0.0204829910877062
14 29 0.212842195788649
15 0 0.589178381364525
15 1 0.126359294304767
15 1 0.464387207993342
15 2 0.0518643235833473
15 3 0.197268377813432
15 3 0.149984209105708
15 4 0.87687992561029
15 5 0.186361505712918
15 6 0.1358314555983
15 6 0.0272608779566635
15 7 0.277688172915788
15 9 0.0887969002225676
15 9 0.0888723730620873
15 9 0.262289707625471
15 10 0.173043766830024
15 11 0.178949763615601
15 11 0.102769645871226
15 11 0.101194287678551
15 12 0.521790277053118
15 13 0.289615302620819
15 13 0.475722060648521
15 14 0.156799341893665
15 15 0.162641567948742
15 15 0.742462659442157
15 16 0.347126266594671
15 17 0.559604781490328
15 18 0.489679508274023
15 23 0.18359264441933
15 23 0.108740560917699
15 24 0.00466030065267541
15 25 0.0202530003488766
15 26 0.273623266634974
15 27 0.523764503807784
15 28 0.476001237036555
16 2 0.343170525422965
16 2 0.0173034854248288
16 3 0.040001082898311
16 5 0.421937880413163
16 10 0.0211323288381608
16 11 0.030055375087704
16 12 0.1901072265584
16 12 0.0366664865955172
16 13 0.0199837916612682
16 15 0.0862115813741644
16 15 0.0420296262228589
16 21 0.0510830032892452
16 22 0.221794509880264
16 26 0.410737971518798
16 29 0.00225289953061406
17 0 0.0271356685365014
17 0 0.00146925359740393
17 1 0.173977804284059
17 2 0.000485116840331282
17 2 0.00457599980390345
17 3 0.100032005859798
17 3 0.00508010295660385
17 3 0.693230362083253
17 4 0.348730157406132
17 4 0.000581464002876989
17 4 0.0980319453814587
17 6 0.0935789199426925
17 7 0.174782322331696
17 7 0.341144876901722
17 7 0.00448930080825482
17 8 0.00184575501531231
17 9 0.491673387926932
17 9 0.00203273386294771
17 9 0.21290201223198
17 10 0.0641505151771895
17 11 0.187108539749606
17 12 0.010879721151049
17 14 0.00298216613985821
17 15 0.187680276219403
17 15 0.00374779334573429
17 15 0.00993198486103714
17 15 0.338178679427446
17 16 0.000774911587556095
17 16 0.463635555272402
17 19 0.00261174191763721
17 19 0.00324499081118927
17 19 0.00557436908757339
17 19 0.693645685183035
17 21 0.122483805652992
17 23 0.0509148181055232
17 23 0.00173917227525144
17 23 0.550633263914945
17 24 0.0175483748607137
17 24 0.498090696549692
17 24 0.712421222495401
17 25 0.000750590249864055
17 25 0.202490812659538
17 26 0.370525037853451
17 26 0.00328478057085139
17 27 0.445190769504752
17 27 0.325300513674568
17 27 0.00225041283320275
17 28 0.106687102347733
17 28 0.432100905551723
17 28 0.00569545053757672
17 29 0.080316325243461
18 1 0.263304086256479
18 2 0.475789198298415
18 3 0.0472377422271839
18 3 0.271858882054938
18 3 0.496391444929385
18 3 0.102798847176661
18 7 0.272900944151623
18 11 0.635348429115904
18 12 0.106114338826985
18 13 0.213969317503597
18 13 0.326058854480519
18 16 0.177075571866496
18 16 0.668167889620147
18 20 0.664233411569582
18 25 0.00706965300244534
18 26 0.518055464786232
19 1 0.175593880058749
19 2 0.0141299925937931
19 3 0.00253605329795938
19 3 0.100961200834002
19 6 0.00876364796355716
19 6 0.448401003763503
19 7 0.14161017227274
19 7 0.176405871255806
19 8 0.350907691469486
19 8 0.694367713449586
19 10 0.0471864978294585
19 13 0.191246036702724
19 14 0.00334725313529433
19 15 0.0175172577915427
19 19 0.155534843535015
19 21 0.0779398827118095
19 25 0.491766401755841
19 25 0.204371745105392
19 26 0.373966836306163
19 27 0.328322222574775
19 29 0.421993911602324
19 29 0.0322973839679614
20 30 390
0 1 0.0864213454385975
0 2 0.3997217639117
0 3 0.666900625735858
0 4 0.348420268750356
0 6 0.505988542165375
0 7 0.795671440687768
0 8 0.13292491100369
0 10 0.541750402379401
0 11 0.202114265411666
0 12 0.091865735018017
0 13 0.602595240613306
0 14 0.242387888727784
0 15 0.201116461142139
0 16 0.498692513863985
0 17 0.144906756070404
0 19 0.0297745054016913
0 20 0.0564994110219668
0 22 0.350342053168059
0 23 0.138298566558557
0 25 0.216594452667352
0 26 0.0427222414665744
0 27 0.200977589247729
0 28 0.481009635657165
0 29 0.883697434417309
1 0 0.491517571533671
1 1 0.737124487773307
1 2 0.066957900132363
1 3 0.0709420454821967
1 4 0.669966996880216
1 5 0.104048446068999
1 6 0.123908965248686
1 7 0.117399912508927
1 8 0.282753696036032
1 9 0.0283864912562407
1 11 0.632274179238755
1 12 0.15193189573609
1 15 0.631826706472236
1 17 0.272347752109037
1 19 0.863411479818118
1 26 0.640342116329279
1 27 0.753114411391729
1 28 0.780003617950985
1 29 0.130198872614804
2 0 0.4623888239929
2 1 0.364452365825241
2 2 0.00226557170772445
2 3 0.39835843979223
2 4 1.09159779740673
2 8 0.00795453089585872
2 9 0.401848367062758
2 11 0.0934410862671147
2 12 0.409502453261683
2 15 1.03095712026256
2 16 0.477423123841242
2 17 0.188126060355961
2 20 0.199103640991967
2 22 0.40597818461076
2 23 0.37431091436834
2 24 0.0107521154101585
2 25 0.0158946107152748
2 26 0.0104326404215198
2 29 0.229200880132914
3 2 0.310270285655004
3 6 0.0733098418397079
3 8 0.394955280706815
3 13 0.215252141649219
3 14 0.183132439094323
3 15 0.643457241656373
3 16 0.289158826996516
3 18 0.129548073116878
3 20 0.11063084057238
3 21 0.260099158854409
3 23 0.0275436494892002
3 24 0.147259642247586
3 26 0.246820481698128
3 29 0.655538493575455
4 0 0.227406698052748
4 1 0.11774811842411
4 2 0.0750849404244747
4 3 0.191448924998283
4 4 0.494648328741814
4 6 0.404794244256136
4 7 0.12783865821665
4 8 1.23095112778892
4 9 0.103403554097601
4 11 0.17304341244092
4 13 0.209858374838596
4 14 0.461570797654085
4 15 0.686897585568266
4 16 0.271663805301132
4 17 0.228015955982798
4 19 0.642659180484944
4 21 0.0820337523856397
4 23 0.398183337947795
4 25 0.56011650479787
4 27 0.516579692176411
4 28 0.501390792597453
4 29 0.476132270847476
5 3 0.395899603775033
5 4 0.567770837412865
5 13 0.0498931233845826
5 17 0.136558031638544
5 18 0.130678433679973
5 20 0.402243130991101
5 24 0.432270324123052
5 26 0.486744782146912
5 27 0.724819263955477
5 28 0.703507533781318
5 29 0.130763761816838
6 0 0.373284444179341
6 2 0.102139623128244
6 3 0.610226438992573
6 4 0.693635743202152
6 5 0.489908169726846
6 6 0.315294055729526
6 7 0.0967819934929721
6 8 0.406538146581647
6 9 0.0438224222210734
6 10 0.489347840681281
6 12 0.318428884560804
6 13 0.315121542911168
6 15 1.14231742321867
6 17 0.172709594761286
6 18 0.165273466921717
6 19 0.120174293459894
6 20 0.716022389877635
6 22 0.350351667794998
6 24 0.966517942641391
6 26 1.14025417938982
6 27 0.0485152253061423
6 28 0.403772843492267
6 29 0.24088139510422
7 1 0.522037285114656
7 2 0.481926303391061
7 3 0.654454213569069
7 4 0.200115972629359
7 6 0.332737901141551
7 7 0.331725948142859
7 8 0.300107867681949
7 10 0.00111819290924668
7 11 0.900398829253573
7 12 0.433239239258974
7 16 0.515454718241535
7 18 0.053149123949491
7 19 0.0672226391570668
7 20 0.64967580559722
7 22 0.213185946895988
7 23 0.0071801816777938
7 25 0.531404571959055
7 26 0.973136160763363
7 27 0.503488067864806
7 28 0.136391399661899
7 29 0.394540804435863
8 0 0.581891419487797
8 2 0.447115193584886
8 4 1.00858792539227
8 5 0.549740793878515
8 6 0.430525239486354
8 7 0.146895795506773
8 8 0.557205896879184
8 10 0.362567646468503
8 12 0.247689772598567
8 13 0.30367934928778
8 14 0.978002129257867
8 15 0.112324646319375
8 16 0.65219186286746
8 18 0.281324036385346
8 19 0.0954078151967771
8 21 1.0562657069926
8 22 0.610858835561109
8 24 0.216830711747318
8 26 1.05950619871735
8 27 1.13279855556401
8 28 1.06204478721354
8 29 0.962863512527224
9 1 0.334757811768872
9 2 0.878707151843425
9 3 0.729507254451615
9 5 0.336646601105114
9 6 0.145943089234881
9 7 0.0942638924311306
9 9 0.135857374648911
9 11 0.807765093453413
9 12 0.28658955898864
9 14 0.364574704157494
9 15 0.0687846178140965
9 16 1.42513981910863
9 20 0.844488691847388
9 21 0.343160889339357
9 22 0.176960570171732
9 23 0.152148949824721
9 24 0.329013479443206
9 25 0.00898816878503953
9 26 0.98635260028949
10 0 1.75634146911841
10 1 0.250255200311627
10 2 0.298037632719241
10 3 0.0167553592661951
10 4 0.707692793860966
10 5 1.12384652030076
10 6 0.754759536248166
10 7 0.0535876279085986
10 8 0.248034556721151
10 9 0.175862695138619
10 10 1.09660742567432
10 12 0.129226026021885
10 14 0.400746713638699
10 15 0.663355804230598
10 16 0.19447490171333
10 18 0.304604713987732
10 19 0.436065377441951
10 20 0.319355488780297
10 22 0.600399860530952
10 23 0.634279368290904
10 24 0.174727105189641
10 25 0.100865130182375
10 28 0.100924559185475
10 29 0.642454181405711
11 0 0.319318974184674
11 1 0.251685485366057
11 2 0.0237250125883418
11 3 0.00425816899898603
11 4 0.806368833062013
11 6 0.0147146332084081
11 8 0.167469073110788
11 9 0.142154028435651
11 10 0.079228651223457
11 11 0.0548446059070035
11 12 0.28279641833133
11 13 0.504182518798294
11 14 0.00562021687160038
11 15 1.21029606018626
11 23 0.0589344848059228
11 24 0.839859247056091
11 25 0.010976586209065
11 28 0.431079206617104
11 29 0.0542290334636824
12 0 0.0286624389811419
12 1 0.28675901472365
12 2 0.117700580807281
12 5 0.422927668713928
12 6 0.407099155996352
12 7 0.531820751546486
12 9 0.230012069771329
12 10 0.587006962725746
12 11 0.404028318648706
12 14 0.050277704607341
12 15 0.250390997071793
12 17 0.179437257585602
12 18 0.157015720677997
12 19 0.00275868984941613
12 21 0.12937527597614
12 23 0.470423538392994
12 24 0.0291117805517608
12 26 0.0877372928191148
12 27 0.16794507354576
12 28 0.265319564993197
12 29 0.324655002781027
13 0 0.483971692581577
13 1 0.989473329720089
13 2 0.610551881069268
13 3 0.612466291309476
13 5 0.0980123967393664
13 6 0.0293602860996308
13 7 0.0162642788410514
13 10 0.104204207975012
13 11 1.76232945949385
13 12 0.282707922438479
13 13 0.498734050563162
13 14 0.0625512430026949
13 15 0.187730209714733
13 16 0.74888161455566
13 18 0.0311481520398614
13 19 0.75055844732523
13 20 1.05264386552359
13 21 0.228168170459073
13 22 0.0356389288535567
13 25 0.00792365696865404
13 26 0.766179640625672
13 29 0.027233057172314
14 0 0.470288788849955
14 1 0.702341051158925
14 2 0.568634195549192
14 3 0.478752103530893
14 4 0.12680619643807
14 5 0.092816072295083
14 6 0.0551471445922595
14 9 0.0141710037735152
14 10 0.192131649624227
14 11 0.842743936950936
14 12 0.361556966599023
14 13 0.181689338975878
14 15 1.18068230926109
14 18 0.15269811450479
14 19 0.700762590160486
14 21 0.464438243644929
14 22 0.0685940402129864
14 23 0.00587504143052095
14 24 0.0602604476614513
14 25 0.00109423029583286
14 26 0.466633760291005
14 28 0.054136504553376
14 29 0.350249681633272
15 0 0.589178381364525
15 1 0.590746502298109
15 2 0.0518643235833473
15 3 0.34725258691914
15 4 0.87687992561029
15 5 0.186361505712918
15 6 0.163092333554964
15 7 0.277688172915788
15 9 0.439958980910126
15 10 0.173043766830024
15 11 0.382913697165378
15 12 0.521790277053118
15 13 0.76533736326934
15 14 0.156799341893665
15 15 0.905104227390899
15 16 0.347126266594671
15 17 0.559604781490328
15 18 0.489679508274023
15 23 0.29233320533703
15 24 0.00466030065267541
15 25 0.0202530003488766
15 26 0.273623266634974
15 27 0.523764503807784
15 28 0.476001237036555
16 2 0.360474010847794
16 3 0.040001082898311
16 5 0.421937880413163
16 10 0.0211323288381608
16 11 0.030055375087704
16 12 0.226773713153917
16 13 0.0199837916612682
16 15 0.128241207597023
16 21 0.0510830032892452
16 22 0.221794509880264
16 26 0.410737971518798
16 29 0.00225289953061406
17 0 0.0286049221339053
17 1 0.173977804284059
17 2 0.00506111664423473
17 3 0.798342470899655
17 4 0.447343566790468
17 6 0.0935789199426925
17 7 0.520416500041674
17 8 0.00184575501531231
17 9 0.70660813402186
17 10 0.0641505151771895
17 11 0.187108539749606
17 12 0.010879721151049
17 14 0.00298216613985821
17 15 0.53953873385362
17 16 0.464410466859958
17 19 0.705076786999434
17 21 0.122483805652992
17 23 0.603287254295719
17 24 1.22806029390581
17 25 0.203241402909402
17 26 0.373809818424302
17 27 0.772741696012523
17 28 0.544483458437033
17 29 0.080316325243461
18 1 0.263304086256479
18 2 0.475789198298415
18 3 0.918286916388169
18 7 0.272900944151623
18 11 0.635348429115904
18 12 0.106114338826985
18 13 0.540028171984115
18 16 0.845243461486642
18 20 0.664233411569582
18 25 0.00706965300244534
18 26 0.518055464786232
19 1 0.175593880058749
19 2 0.0141299925937931
19 3 0.103497254131961
19 6 0.45716465172706
19 7 0.318016043528546
19 8 1.04527540491907
19 10 0.0471864978294585
19 13 0.191246036702724
19 14 0.00334725313529433
19 15 0.0175172577915427
19 19 0.155534843535015
19 21 0.0779398827118095
19 25 0.696138146861233
19 26 0.373966836306163
19 27 0.328322222574775
19 29 0.454291295570285
